ElasticNet:
  alpha: 0.00001
  l1_ratio: 0.00001